Time
0.705447
0.685683
0.673098
0.703676
0.676401
0.707657
0.701869
0.674953
0.677615
0.673908
Original
0.679804
0.717373
0.743101
0.677219
0.679695
0.699018
0.741099
0.691993
0.681575
0.697308
0.723121
0.744759
0.711606
0.701358
0.713270
0.713542
0.741095
0.724420
0.718345
0.704585
0.732364
0.740671
0.779015
0.730443
0.751239
0.761027
0.752710
0.725586
0.765388
0.742556
0.783946
0.787133
0.776619
0.819176
0.780075
0.773076
0.821545
0.781693
0.767604
0.769487
0.808326
0.828782
0.797044
0.807758
0.869713
0.783975
0.812023
0.818181
0.808468
0.792605
0.830665
0.850826
0.937525
0.846398
0.836116
0.884954
0.863724
0.921458
0.827804
0.817200
0.853998
0.863469
0.867013
0.871842
0.843935
0.900583
0.896478
0.857645
0.872784
0.876139
0.904591
0.902096
0.891489
0.941133
0.901061
0.914244
0.935407
0.976349
0.907471
0.874483
0.921111
1.031691
0.932809
0.940921
0.933663
0.945964
0.969332
0.937915
1.007513
0.952773
0.975949
1.013383
1.006154
0.997517
0.997174
0.991046
0.965111
1.016952
1.080538
1.025388
Incremental
0.604940
0.660327
0.604265
0.656795
0.597725
0.601051
0.628410
0.592801
0.593826
0.596453
0.663085
0.713865
0.688477
0.690059
0.666099
0.674126
0.666194
0.655291
0.674430
0.712089
0.671599
0.641878
0.694128
0.669245
0.696653
0.669591
0.670903
0.712142
0.676238
0.664737
0.707032
0.684318
0.698960
0.677152
0.708414
0.687826
0.681950
0.704456
0.702853
0.691809
0.701944
0.723137
0.701759
0.714110
0.714928
0.703792
0.669126
0.714900
0.716200
0.700815
0.742749
0.765797
0.744702
0.756646
0.776152
0.811858
0.740275
0.784793
0.780847
0.764329
0.755414
0.758220
0.758320
0.753192
0.759456
0.810024
0.769819
0.752781
0.763754
0.761642
0.788947
0.775531
0.782982
0.791066
0.805701
0.831359
0.798814
0.795647
0.796008
0.785730
0.860638
0.847985
0.855181
0.852660
0.847574
0.848527
0.846736
0.843654
0.861748
0.854224
0.880619
0.889010
0.890896
0.901332
0.876644
0.873756
0.867334
0.880535
0.923346
0.882801
