Balanced Accuracy
74.000001
Original
79.000002
82.800001
85.799998
93.000001
92.000002
94.999999
95.999998
95.999998
94.000000
93.000001
94.000000
94.999999
94.000000
93.000001
93.000001
94.000000
94.000000
94.000000
92.000002
89.999998
89.999998
89.999998
89.999998
89.999998
89.999998
89.999998
89.999998
89.999998
89.999998
90.999997
94.999999
94.999999
94.999999
94.999999
94.999999
94.999999
94.999999
94.999999
95.999998
94.999999
94.999999
95.999998
97.000003
97.000003
97.000003
97.000003
97.000003
97.000003
97.000003
97.000003
97.000003
97.000003
97.000003
97.000003
97.000003
97.000003
97.000003
97.000003
97.000003
97.000003
97.000003
97.000003
97.000003
97.000003
97.000003
97.000003
97.000003
97.000003
97.000003
97.000003
97.000003
97.000003
97.000003
97.000003
97.000003
97.000003
97.000003
97.000003
97.000003
97.000003
97.000003
97.000003
97.000003
97.000003
97.000003
97.000003
97.000003
97.000003
97.000003
97.000003
97.000003
97.000003
97.000003
97.000003
97.000003
97.000003
97.000003
97.000003
97.000003
Incremental
73.000002
87.199998
85.799998
91.399997
90.999997
90.999997
94.999999
92.000002
93.400002
93.000001
94.000000
94.000000
93.000001
94.000000
93.000001
94.000000
90.799999
94.000000
94.000000
92.000002
89.999998
90.999997
89.999998
90.999997
90.999997
89.999998
89.999998
90.999997
89.999998
90.999997
90.999997
94.999999
94.999999
94.999999
94.999999
94.999999
94.999999
94.999999
95.999998
95.999998
94.999999
94.999999
97.000003
97.000003
97.000003
97.000003
97.000003
97.000003
96.399999
97.000003
97.000003
97.000003
97.000003
97.000003
97.000003
97.000003
97.000003
97.000003
97.000003
97.000003
97.000003
97.000003
97.000003
97.000003
97.000003
97.000003
97.000003
97.000003
97.000003
97.000003
97.000003
97.000003
97.000003
97.000003
97.000003
97.000003
97.000003
97.000003
97.000003
97.000003
97.000003
97.000003
97.000003
97.000003
97.000003
97.000003
97.000003
97.000003
97.000003
97.000003
97.000003
97.000003
97.000003
97.000003
97.000003
97.000003
97.000003
97.000003
97.000003
Time (seconds)
cat: testS_1.dat.time: No such file or directory
Original
0.000173
0.000183
0.000196
0.000230
0.000256
0.000253
0.000275
0.000327
0.000334
0.000371
0.000521
0.000510
0.000443
0.000505
0.000569
0.000591
0.000616
0.000639
0.000464
0.000438
0.000609
0.000494
0.000543
0.000598
0.000555
0.000566
0.000592
0.000607
0.000629
0.000661
0.000867
0.000849
0.000935
0.000918
0.000947
0.000994
0.000879
0.001146
0.001122
0.000933
0.000946
0.001016
0.001015
0.001048
0.001048
0.001111
0.001146
0.001211
0.001217
0.001228
0.001257
0.001286
0.001241
0.001262
0.001284
0.001428
0.001501
0.001498
0.001449
0.001437
0.001587
0.001526
0.001439
0.001924
0.001805
0.001897
0.004019
0.002525
0.002060
0.001882
0.001869
0.002570
0.002000
0.002134
0.002188
0.002085
0.002139
0.002301
0.002313
0.002962
0.002335
0.002270
0.002296
0.002471
0.002540
0.002641
0.002669
0.002554
0.002985
0.003242
0.002752
0.002755
0.006259
0.003276
0.003401
0.002910
0.002913
0.003032
0.003072
Incremental
0.000148
0.000170
0.000191
0.000237
0.000266
0.000284
0.000308
0.000362
0.000429
0.000371
0.000365
0.000423
0.000381
0.000568
0.000621
0.000701
0.000526
0.000597
0.000586
0.000463
0.000383
0.000566
0.000513
0.000473
0.000484
0.000536
0.000502
0.000582
0.000563
0.000667
0.000668
0.000846
0.000827
0.000937
0.000864
0.000882
0.000940
0.000887
0.001072
0.001109
0.000790
0.000933
0.000892
0.000971
0.000989
0.001071
0.001115
0.001248
0.001203
0.001206
0.001684
0.001202
0.001223
0.001236
0.001307
0.001633
0.001433
0.001377
0.001458
0.001410
0.001320
0.001577
0.001422
0.001600
0.002206
0.003505
0.001972
0.002662
0.002059
0.001777
0.001748
0.001841
0.001877
0.001963
0.002005
0.002144
0.002110
0.002250
0.002228
0.002287
0.002257
0.002223
0.002409
0.002642
0.002527
0.002499
0.003058
0.002577
0.002468
0.002681
0.003745
0.002818
0.002871
0.003677
0.003047
0.003451
0.002795
0.002859
0.002894
