Balanced Accuracy
66.586834
Original
76.575166
78.907722
77.939492
79.788953
84.723246
86.929911
88.018912
89.139646
90.198970
90.047491
89.502990
89.654464
88.958490
89.138621
89.381194
90.409809
91.469133
91.802794
91.802794
91.529518
91.710675
91.498810
91.862154
92.134404
92.164087
92.224473
92.284858
92.072994
92.012608
91.982931
91.982931
92.043316
92.103702
92.375952
92.164087
92.164087
92.375952
92.375952
92.072994
92.133385
92.254156
92.435312
92.314541
92.374927
92.374927
92.374927
92.374927
92.435312
92.435312
92.374927
92.798656
92.798656
92.859042
92.859042
92.859042
92.859042
93.070906
93.070906
93.070906
92.707568
92.707568
93.131292
93.191683
93.191683
93.191683
93.191683
93.403548
93.403548
93.343157
93.343157
93.343157
93.343157
93.463933
93.796569
93.796569
93.917340
93.917340
94.129205
94.129205
94.129205
94.008434
94.220299
94.068819
94.068819
94.129205
94.129205
94.068819
93.856955
93.856955
93.856955
93.856955
93.856955
93.917340
93.977731
93.977731
93.977731
93.977731
93.977731
94.825184
Incremental
76.241505
79.362154
77.880126
80.030501
86.749774
87.141776
88.018912
89.713830
89.926720
89.987105
89.261442
89.533693
89.866328
89.622736
88.897079
90.077174
90.621674
91.802794
92.014658
92.165112
91.529518
91.498810
91.317654
92.013633
92.164087
92.224473
91.800743
92.345250
92.284858
92.194790
91.982931
91.982931
91.891837
92.224473
92.012608
92.164087
91.528493
92.375952
92.072994
92.133385
92.254156
92.374927
92.435312
92.374927
92.374927
92.374927
92.374927
92.495704
92.435312
92.435312
92.919427
92.647177
92.798656
92.859042
92.859042
93.191683
93.343157
93.131292
93.070906
92.707568
92.707568
93.131292
93.191683
93.191683
93.403548
93.191683
93.191683
93.403548
93.343157
93.343157
93.343157
93.343157
93.403548
93.796569
93.584704
93.917340
93.917340
94.129205
94.129205
94.129205
94.068819
94.220299
94.068819
93.856955
94.129205
94.129205
94.068819
94.068819
93.856955
93.856955
93.856955
93.645090
93.917340
93.977731
93.977731
93.977731
93.977731
93.977731
94.825184
Time (seconds)
cat: testS_1.dat.time: No such file or directory
Original
0.001135
0.001796
0.002265
0.003261
0.003593
0.004345
0.005165
0.005484
0.005644
0.006479
0.006865
0.007569
0.008052
0.009092
0.008870
0.009465
0.009897
0.010544
0.010222
0.010713
0.011646
0.014085
0.014676
0.014347
0.014782
0.014240
0.014776
0.015928
0.016529
0.031160
0.017627
0.017633
0.018037
0.020143
0.020359
0.021940
0.022537
0.020777
0.021304
0.027450
0.023861
0.025368
0.043247
0.024861
0.025376
0.034465
0.026315
0.029386
0.029771
0.034297
0.035329
0.029860
0.029342
0.031022
0.030496
0.030533
0.031648
0.032047
0.032477
0.035943
0.033034
0.036002
0.035092
0.034144
0.038134
0.038402
0.036607
0.037988
0.037906
0.037009
0.039774
0.041004
0.038307
0.044089
0.043967
0.044125
0.045277
0.043807
0.043112
0.042929
0.048887
0.046957
0.047304
0.047541
0.051313
0.050131
0.051657
0.053391
0.052963
0.051448
0.052569
0.054534
0.055517
0.053991
0.057905
0.069198
0.092745
0.064341
0.058149
Incremental
0.001540
0.002077
0.002701
0.004925
0.003864
0.004289
0.005189
0.006104
0.005929
0.006631
0.007144
0.007627
0.008383
0.012686
0.009791
0.009674
0.012427
0.010891
0.011221
0.011103
0.012004
0.013134
0.014855
0.015513
0.017632
0.015259
0.014808
0.016491
0.017749
0.017791
0.023684
0.018379
0.017547
0.020209
0.021750
0.021630
0.021366
0.023606
0.023304
0.030529
0.025188
0.027641
0.024312
0.029805
0.026292
0.025840
0.032770
0.026947
0.029673
0.030108
0.031745
0.030270
0.028550
0.029532
0.031729
0.032776
0.031269
0.033445
0.034902
0.034695
0.035284
0.033939
0.035686
0.035004
0.038249
0.053993
0.040540
0.039113
0.041060
0.038683
0.040997
0.039163
0.043979
0.040364
0.045260
0.046382
0.045780
0.047139
0.047047
0.048084
0.065922
0.045373
0.049318
0.047677
0.050587
0.049970
0.051544
0.056646
0.057556
0.054479
0.054870
0.055628
0.056098
0.056673
0.054238
0.056437
0.075896
0.057434
0.057289
