Time (seconds)
cat: testS_1.dat.time: No such file or directory
Original
0.034843
0.002321
0.000405
0.078653
0.004900
0.000879
0.137605
0.008704
0.001516
0.212798
0.014226
0.002366
0.310348
0.020639
0.003227
0.433357
0.026841
0.004317
0.561510
0.035462
0.005670
0.756142
0.045522
0.007085
0.874914
0.055092
0.008713
0.065716
0.010836
0.077681
0.012977
0.089274
0.015416
0.106938
0.017968
0.120404
0.020534
0.137135
0.023041
0.155843
0.025830
0.172876
0.028529
0.221347
0.031874
0.213449
0.035521
0.245027
0.038369
0.262285
0.042685
0.283205
0.046922
0.314395
0.051902
0.336472
0.054387
0.369893
0.058562
0.490501
0.063427
0.434104
0.068890
0.460727
0.073754
0.492326
0.077567
0.668647
0.085221
0.565425
0.088618
0.590980
0.094207
0.724379
0.101137
0.674506
0.106525
0.712160
0.116446
0.753679
0.121222
0.798953
0.123958
0.857425
0.132410
0.877946
0.137883
0.144942
0.154771
0.159243
0.166670
0.174140
0.181572
0.192227
0.199067
0.247507
0.223022
0.230277
0.234798
0.248214
0.255922
0.268345
0.274941
0.304781
0.295162
0.356402
0.316662
0.344761
0.334162
0.343442
0.356606
0.369455
0.375664
0.425865
0.413858
0.415500
0.428108
0.437071
0.448720
0.461764
0.478744
0.515895
0.512943
0.517694
0.528044
0.541794
0.556063
0.576546
0.586123
0.598636
0.610257
0.633744
0.647138
0.654599
0.674100
0.690821
0.705356
0.721748
0.735432
0.766005
0.768896
0.796714
0.803048
0.815852
0.831328
0.863673
0.873383
0.884337
Incremental
0.000511
0.000853
0.000836
0.000926
0.001118
0.001288
0.001400
0.001678
0.001772
0.001981
0.002116
0.002432
0.002503
0.002678
0.002765
0.002911
0.003209
0.003321
0.003633
0.003738
0.003989
0.004237
0.004283
0.004426
0.004728
0.004840
0.005025
0.005316
0.005439
0.005716
0.005910
0.005928
0.006321
0.006511
0.006749
0.007916
0.006844
0.007031
0.008121
0.007629
0.010337
0.007825
0.008287
0.008247
0.008313
0.008479
0.008747
0.009277
0.009472
0.009528
0.010702
0.010458
0.010927
0.010384
0.011324
0.011128
0.010969
0.012370
0.011556
0.011366
0.011873
0.013053
0.013035
0.013392
0.012643
0.013808
0.012976
0.014153
0.013559
0.014434
0.014426
0.014539
0.014555
0.014546
0.017584
0.015282
0.015277
0.015461
0.015588
0.016230
0.016170
0.016354
0.016080
0.016634
0.017101
0.017462
0.017504
0.017496
0.017948
0.017241
0.018128
0.017339
0.017557
0.018633
0.019249
0.018778
0.018421
0.019670
0.022093
