Diversity
0.225827
0.297346
0.363410
0.386273
0.367922
0.415466
0.419568
0.400064
0.420690
0.447834
0.443123
0.453079
0.451220
0.432716
0.452842
0.456027
0.459101
0.459775
0.452128
0.464294
0.467907
0.470294
0.467058
0.468572
0.467905
0.470955
0.471328
0.466034
0.466724
0.455344
0.472285
0.474635
0.469196
0.469196
0.473287
0.469066
0.468498
0.469968
0.475896
0.474986
0.473185
0.478468
0.473736
0.476782
0.472856
0.476940
0.479590
0.460476
0.477836
0.480604
0.478009
0.471660
0.481604
0.478868
0.481604
0.480147
0.478697
0.481404
0.481404
0.478868
0.472208
0.472444
0.475698
0.482163
0.477547
0.482163
0.477424
0.480533
0.482163
0.480694
0.480856
0.482524
0.479477
0.471233
0.482524
0.481016
0.482884
0.479748
0.481489
0.484803
0.481489
0.484803
0.483241
0.485003
0.481489
0.476568
0.476799
0.483947
0.485603
0.480524
0.486203
0.486203
0.484470
0.486403
0.484643
0.484815
0.480995
0.484643
0.486403
Diversity - RT
0.052283
0.243431
0.337444
0.352287
0.329977
0.377388
0.379151
0.371997
0.389193
0.419499
0.426875
0.425266
0.421033
0.419929
0.439896
0.442225
0.445392
0.450267
0.454767
0.457642
0.458450
0.467844
0.456459
0.466388
0.461242
0.460037
0.464438
0.463002
0.462887
0.432182
0.469542
0.468308
0.455972
0.461724
0.463415
0.467530
0.458168
0.459467
0.460807
0.470245
0.461496
0.472759
0.471875
0.478092
0.467021
0.473322
0.464479
0.461843
0.468264
0.478092
0.477903
0.469489
0.472378
0.472256
0.479404
0.478280
0.473460
0.474946
0.480204
0.479030
0.468751
0.460275
0.466268
0.481618
0.477173
0.481618
0.475477
0.479876
0.472208
0.473624
0.476650
0.480701
0.472120
0.463257
0.476241
0.479376
0.479376
0.473725
0.476783
0.472205
0.479375
0.480886
0.478025
0.482204
0.476515
0.475367
0.469442
0.480370
0.483403
0.475908
0.484003
0.484003
0.484003
0.484003
0.482524
0.481175
0.481175
0.482524
0.484003
