Balanced Accuracy
83.903575
Original
87.322342
91.721505
92.701381
92.861170
93.261242
93.401194
93.981111
94.281071
94.181049
94.400978
94.960982
95.001024
94.901001
95.100957
95.280945
95.460850
95.360917
95.740831
95.720798
95.820737
96.280634
96.660531
96.560562
96.580577
96.800512
96.780497
97.060442
97.160405
97.340375
97.320384
97.360379
97.320390
97.500390
97.520375
97.560394
97.680390
97.740376
97.680408
97.720391
97.740382
97.820354
97.980326
98.060328
98.120320
98.060346
98.080337
98.080349
98.100346
98.140335
98.140335
98.200303
98.100305
98.020333
98.020327
97.940326
97.800326
97.840321
97.860312
97.840321
97.900301
97.920305
97.920328
97.860354
97.880352
97.980326
97.940338
98.020303
98.040295
98.020309
98.020303
98.080301
98.080301
98.080295
98.120296
98.140293
98.160297
98.160315
98.140311
98.140311
98.160321
98.100322
98.080325
98.100311
98.180306
98.140305
98.200303
98.200309
98.260301
98.280311
98.280311
98.280305
98.300302
98.360306
98.320305
98.340291
98.400271
98.480272
98.520255
98.500264
Incremental
87.942255
91.221422
92.781258
93.021262
93.561208
93.841112
94.321054
94.741011
95.020831
95.480734
95.780712
95.820749
95.820743
95.760703
95.720774
95.980734
96.020734
96.220726
96.120745
96.040744
96.340674
96.620578
96.680528
96.880567
97.040534
97.120506
97.380441
97.380447
97.460401
97.480410
97.520399
97.480416
97.680408
97.680390
97.740418
97.860408
97.860402
97.900391
97.940373
97.960371
97.960371
98.120350
98.140353
98.180342
98.200345
98.100352
98.140341
98.220313
98.240304
98.240304
98.220313
98.200309
98.200309
98.220313
98.180312
98.180306
98.220307
98.200303
98.200303
98.240304
98.240310
98.220336
98.160362
98.160362
98.240352
98.240352
98.340315
98.320311
98.340315
98.340303
98.400307
98.400307
98.380303
98.400307
98.420298
98.420298
98.400307
98.420298
98.400307
98.380309
98.420310
98.420310
98.480296
98.540294
98.520291
98.540288
98.560286
98.580289
98.580295
98.580295
98.580289
98.560286
98.580289
98.540282
98.540282
98.540282
98.620278
98.620278
98.640269
