Original
69.443476
76.664633
80.664557
84.662044
87.182230
88.301629
89.301276
90.781337
90.361613
90.281999
90.681791
88.702178
89.941311
90.501630
90.921617
90.841478
90.921479
91.761190
92.601174
92.421383
92.301422
92.281455
92.381454
92.541558
92.601657
92.161590
92.241454
92.581421
92.801327
93.341208
93.241274
93.301237
93.481225
93.721157
94.021177
94.121134
94.081122
94.221103
94.161141
94.241160
94.541162
95.021057
95.161009
95.161039
95.281005
95.341033
95.561016
95.600998
95.461017
95.461017
95.421034
95.501029
95.321095
95.341080
95.321077
95.441014
95.620966
95.600945
95.600945
95.660925
95.880830
95.860791
95.880783
96.080726
96.160638
96.160638
96.160662
96.180654
96.180654
96.160662
96.140665
96.240616
96.340591
96.260607
96.300590
96.360606
96.460593
96.500593
96.460617
96.500617
96.480608
96.480608
96.480608
96.540606
96.560597
96.560597
96.700603
96.700609
96.700609
96.560591
96.500593
96.500599
96.620566
96.620566
96.720594
96.900529
96.920520
96.940511
96.940506
96.940506
96.940506
96.960503
96.960503
96.980494
96.960497
96.960497
96.940494
96.940511
96.920526
96.780521
96.700549
96.700543
96.660554
96.660554
96.680552
96.700537
96.700549
96.700549
96.740526
96.820480
96.820480
96.940464
96.940464
96.960461
97.000450
97.000450
97.040451
97.040451
96.980482
96.980482
96.980482
97.000480
97.040480
97.040480
97.080463
97.160470
97.140473
97.140473
97.160470
97.120470
97.120470
97.100449
97.220451
97.120434
97.020471
97.060472
97.060472
97.080481
97.100490
97.180486
97.220474
97.200471
97.200471
97.200471
97.300470
97.380471
97.380471
97.380471
97.460449
97.460407
97.460407
97.440410
97.440410
97.420406
97.420406
97.420406
97.480386
97.520405
97.640407
97.640407
97.660410
97.660410
97.660410
97.640413
97.700417
97.700417
97.640443
97.620440
97.620440
97.540438
97.540438
97.540438
97.560441
97.580433
97.540432
97.560441
97.560441
97.580433
97.580433
97.580433
97.600424
97.600424
97.600424
97.600424
97.600424
97.620422
97.620422
97.620422
97.560447
97.640413
97.600430
97.660422
97.580421
97.580421
97.600418
97.600418
97.600418
97.600418
97.580415
97.600406
97.600406
97.580391
97.520393
97.520393
97.540390
97.600394
97.600394
97.620392
97.620392
97.640389
97.720391
97.720391
97.720391
97.720402
97.720402
97.660422
97.660422
97.660422
97.660422
97.640425
97.660416
97.680414
97.680414
97.700423
97.740430
97.720438
97.680438
97.680438
97.740418
97.740418
97.740418
97.740418
97.780401
97.780401
97.780401
97.800398
97.780401
97.780401
97.780401
97.840399
97.800398
97.800398
97.800398
97.800398
97.800398
97.800398
97.780406
97.780406
97.780406
97.760415
97.760415
97.800416
97.800416
97.800416
97.800416
97.800416
97.800416
97.820407
97.740442
97.740442
97.760433
97.840422
97.860414
97.860414
97.860414
97.860426
97.860426
97.860426
97.860426
97.840434
97.860432
97.840440
97.840440
97.840440
97.840440
97.820437
97.820437
97.820437
97.800434
97.800434
97.780430
97.780430
97.780430
97.780430
97.740448
97.740448
97.780430
97.820413
97.820431
97.840434
97.860432
97.940409
97.940409
97.940409
97.980392
97.980392
97.960401
97.980398
97.960407
97.960407
97.960407
97.960407
97.960407
98.000389
98.020393
98.020393
98.020393
98.020393
98.060369
98.060369
98.060369
98.060358
98.060358
98.060358
98.060358
98.060358
98.060369
98.060369
98.040366
98.040366
98.040366
98.040366
98.040366
98.020369
98.020369
98.020363
98.020363
98.020363
98.020363
98.020363
98.020363
98.040360
98.040360
98.040360
98.040360
98.040360
98.040360
98.040360
98.060358
98.060358
98.080349
98.080349
98.080349
98.080349
98.080349
98.080349
98.080349
98.080349
98.100352
98.100358
98.100358
98.120368
98.120368
98.080379
98.080379
98.080379
98.080379
98.080379
98.120373
98.120373
98.140371
98.140371
98.140371
98.160368
98.180360
98.180360
98.180360
98.180360
98.240334
98.240334
98.240334
98.240334
98.240334
98.240334
98.160350
98.160350
98.160350
98.160350
98.100376
98.120368
98.120368
98.120368
98.120368
98.120368
98.120368
98.120368
98.140359
98.140359
98.140359
98.160350
98.160350
98.180342
98.220342
98.200351
98.200351
98.200351
98.220354
98.220354
98.220354
98.220354
98.220354
98.220354
98.220354
98.220354
98.220354
98.220354
98.220354
98.200351
98.220354
98.220354
98.220354
98.240352
98.240352
98.240352
98.240352
98.240352
98.260349
98.260349
98.260349
98.300344
98.320335
98.320335
98.240346
98.220342
98.240346
98.260343
98.260343
98.260343
98.260343
98.280334
98.280346
98.280346
98.280346
98.300344
98.320341
98.320341
98.320341
98.340350
98.340350
98.380333
98.380333
98.400337
98.400337
98.420334
98.420334
98.420334
98.400342
98.340344
98.340344
98.320353
98.320353
98.320353
98.300362
98.320359
98.300368
98.320365
98.340362
98.340362
98.340362
98.320365
98.340362
98.340362
98.340362
98.340362
98.340362
98.340362
98.340362
98.360360
98.360360
98.360360
98.360360
98.360360
98.360360
98.340368
98.340368
98.340368
98.380351
98.380351
98.380351
98.380351
98.380351
98.380351
98.360354
98.360354
98.360354
98.360354
98.360354
98.360354
98.360354
Incremental
65.183747
76.284975
81.504238
85.621941
84.442902
89.401448
88.501281
90.781337
90.541494
90.961689
90.501928
90.242028
89.921582
90.741426
90.661693
91.321367
90.821439
91.601288
92.401153
92.121506
91.621649
92.601585
92.401457
92.081457
92.861521
92.681545
92.261457
91.741544
92.641360
93.381208
93.201286
93.241274
93.561208
93.261409
93.961209
94.041169
94.101119
94.221121
94.361103
94.301134
94.541144
95.120984
95.121008
95.121086
95.321006
95.281005
95.380986
95.621008
95.581007
95.461017
95.241094
95.581049
95.361078
95.381087
95.361072
95.421022
95.540965
95.620942
95.620936
95.560926
95.980793
95.960790
95.860791
96.000737
96.160638
96.160638
96.160662
96.140659
96.180654
96.180677
96.140665
96.260613
96.320593
96.340573
96.300590
96.280617
96.360606
96.480590
96.420622
96.500617
96.480602
96.480608
96.480608
96.540606
96.620601
96.560597
96.680593
96.740592
96.700609
96.520609
96.480608
96.500599
96.500617
96.620566
96.740550
96.880525
96.960521
96.940511
96.920514
96.940506
96.940506
96.960503
96.980506
96.980494
97.020501
96.960497
96.940494
96.960503
96.900535
96.820527
96.640557
96.700549
96.720535
96.620554
96.680552
96.700537
96.720558
96.780550
96.720535
96.860474
96.820498
96.960461
97.000474
96.960455
97.160441
97.000450
97.020447
97.040451
97.000462
96.980482
96.980482
97.000480
97.040480
97.040480
97.080463
97.100455
97.160470
97.140473
97.160470
97.140473
97.120470
97.140461
97.120446
97.220451
97.020471
97.020471
97.060472
97.100472
97.120482
97.040486
97.240472
97.160470
97.200471
97.200471
97.180474
97.380471
97.380471
97.380471
97.460443
97.460449
97.460407
97.440410
97.460407
97.400415
97.420406
97.420406
97.420406
97.460383
97.680408
97.640407
97.660410
97.640407
97.640413
97.640407
97.700417
97.700417
97.700417
97.620440
97.620440
97.620440
97.540438
97.540438
97.540438
97.580433
97.600430
97.560441
97.560441
97.560441
97.580433
97.580433
97.600424
97.600424
97.600424
97.620422
97.600424
97.620422
97.620422
97.660410
97.620422
97.500473
97.540432
97.680414
97.640425
97.580421
97.600418
97.600418
97.600418
97.600418
97.580415
97.600406
97.600406
97.560394
97.600394
97.520393
97.520393
97.520405
97.600394
97.620392
97.620392
97.620392
97.720391
97.720391
97.720391
97.720402
97.720402
97.720402
97.660422
97.660422
97.660422
97.660422
97.640425
97.660416
97.680414
97.700423
97.740430
97.720438
97.700441
97.680438
97.740418
97.740418
97.740418
97.700429
97.780401
97.780401
97.780401
97.760397
97.800398
97.780401
97.780401
97.820401
97.800410
97.800398
97.800398
97.800398
97.800398
97.800398
97.800398
97.780406
97.780406
97.760415
97.820413
97.800416
97.800416
97.800416
97.800416
97.780418
97.800416
97.800416
97.840410
97.740442
97.740442
97.780424
97.860414
97.860414
97.860414
97.860432
97.860426
97.860426
97.860426
97.860426
97.860432
97.860432
97.840440
97.840440
97.840440
97.840440
97.820437
97.820437
97.840434
97.800434
97.780430
97.780430
97.800434
97.780430
97.720456
97.720456
97.760439
97.820413
97.840422
97.860432
97.860432
97.920406
97.940409
97.940409
98.000383
97.980392
97.960401
97.980398
97.980398
97.960407
97.960407
97.960407
98.020399
97.940415
98.020393
98.020393
98.020393
98.020393
98.060369
98.100370
98.060369
98.060358
98.060358
98.060358
98.060358
98.060358
98.060358
98.060369
98.040366
98.040366
98.040366
98.060369
98.040366
98.000365
98.020369
98.020369
98.020363
98.020363
98.020363
98.020363
98.020363
98.040360
98.060358
98.040360
98.080343
98.040360
98.040360
98.060352
98.020369
98.060358
98.080349
98.080349
98.080349
98.100352
98.080349
98.080349
98.080349
98.080349
98.100352
98.100352
98.100358
98.100358
98.120368
98.100370
98.080379
98.080379
98.080379
98.080379
98.100382
98.120373
98.140371
98.140371
98.140371
98.160368
98.180360
98.180360
98.180360
98.180360
98.120385
98.240334
98.240334
98.240334
98.240334
98.240334
98.220342
98.140353
98.160350
98.160350
98.100376
98.120368
98.120368
98.120368
98.120368
98.120368
98.120368
98.120368
98.120368
98.140359
98.140359
98.160350
98.180354
98.180342
98.180342
98.200351
98.200351
98.200351
98.240352
98.220354
98.220354
98.220354
98.220354
98.240352
98.220354
98.260337
98.220354
98.220354
98.220354
98.220354
98.200351
98.220354
98.220354
98.240352
98.240352
98.240352
98.240352
98.240352
98.260349
98.260349
98.260349
98.280346
98.320335
98.320335
98.240346
98.220342
98.240346
98.280346
98.260343
98.260343
98.260343
98.240358
98.260343
98.280346
98.280346
98.280346
98.260361
98.340338
98.340338
98.320359
98.340350
98.420334
98.380333
98.400337
98.400337
98.420334
98.400342
98.420334
98.400342
98.400342
98.340344
98.340344
98.300350
98.320353
98.280370
98.320359
98.340350
98.300374
98.320365
98.340362
98.340362
98.340362
98.340362
98.340362
98.340362
98.340362
98.340362
98.340362
98.340362
98.360360
98.360360
98.360360
98.360360
98.360360
98.360360
98.360360
98.360360
98.340368
98.380351
98.380351
98.380351
98.380351
98.380351
98.380351
98.380351
98.360354
98.360354
98.360354
98.360354
98.360354
98.360354
Time (seconds)
Original
0.005605
0.006039
0.008110
0.010129
0.011262
0.013216
0.022569
0.015990
0.017521
0.019347
0.021223
0.021949
0.021337
0.024203
0.025373
0.026964
0.029545
0.047477
0.031846
0.045639
0.032943
0.033413
0.067312
0.039856
0.068840
0.040468
0.042108
0.046589
0.047278
0.050690
0.051218
0.053588
0.051981
0.052650
0.054016
0.055660
0.101612
0.086203
0.085521
0.062071
0.066070
0.094002
0.109141
0.069150
0.071234
0.071822
0.073669
0.074566
0.075282
0.076556
0.078878
0.103507
0.082271
0.084598
0.093287
0.086073
0.088840
0.089320
0.089948
0.092524
0.094479
0.094448
0.095423
0.097608
0.105463
0.100506
0.117452
0.117003
0.104365
0.105601
0.107775
0.124982
0.121736
0.116962
0.115073
0.115960
0.117049
0.129751
0.119997
0.121770
0.132140
0.130339
0.127630
0.127805
0.129032
0.132306
0.132491
0.136296
0.136577
0.137206
0.138330
0.144243
0.142537
0.158144
0.146723
0.185657
0.148900
0.152222
0.154215
0.166811
0.156213
0.158563
0.160836
0.159768
0.161912
0.163921
0.165005
0.172500
0.168061
0.170724
0.187218
0.174025
0.176662
0.177590
0.178310
0.189737
0.181655
0.183271
0.184246
0.187259
0.195487
0.189372
0.190449
0.191142
0.193562
0.208477
0.197172
0.199464
0.201151
0.201336
0.203257
0.204345
0.204112
0.205738
0.210706
0.209071
0.211644
0.211270
0.221275
0.217679
0.216488
0.225080
0.247827
0.223536
0.224740
0.227452
0.251506
0.230454
0.233023
0.240393
0.243123
0.235905
0.278306
0.238296
0.241334
0.240875
0.244583
0.254037
0.246475
0.247702
0.248001
0.249465
0.250149
0.256735
0.279499
0.256301
0.262133
0.262186
0.264995
0.265111
0.266243
0.269641
0.268488
0.270042
0.274431
0.274663
0.273375
0.303488
0.278279
0.277923
0.291325
0.279748
0.284040
0.299802
0.290791
0.289227
0.299160
0.293077
0.291811
0.326135
0.296407
0.299990
0.305232
0.300526
0.304380
0.308731
0.309890
0.312639
0.309445
0.316654
0.322821
0.320701
0.324179
0.323432
0.328048
0.341422
0.330393
0.331747
0.334252
0.339660
0.375894
0.341530
0.347582
0.346126
0.350075
0.351050
0.354477
0.355785
0.359285
0.356204
0.361049
0.359718
0.362564
0.365328
0.373194
0.369042
0.373903
0.377256
0.378553
0.392161
0.380920
0.383637
0.385190
0.386878
0.390868
0.398848
0.395948
0.411127
0.397870
0.408018
0.399779
0.419457
0.405706
0.414267
0.406391
0.423187
0.408931
0.426139
0.414551
0.440047
0.418539
0.457192
0.437381
0.433070
0.425576
0.425226
0.427634
0.430773
0.435044
0.437067
0.475261
0.436820
0.445770
0.442391
0.461924
0.448653
0.450107
0.453546
0.456551
0.456324
0.458171
0.466463
0.460949
0.460760
0.466750
0.465511
0.479494
0.468434
0.472076
0.470515
0.472017
0.478191
0.480325
0.481384
0.483206
0.485186
0.493453
0.483972
0.489975
0.488640
0.492040
0.493696
0.493760
0.500875
0.514446
0.506349
0.505405
0.523240
0.506939
0.509645
0.554016
0.512248
0.516527
0.549065
0.518587
0.517416
0.527443
0.561536
0.526457
0.527504
0.527359
0.530214
0.530151
0.572869
0.569885
0.536714
0.562802
0.541568
0.579817
0.545458
0.555153
0.548185
0.551800
0.557187
0.562812
0.560288
0.563823
0.606498
0.568347
0.568613
0.571732
0.574710
0.573995
0.576426
0.578119
0.580517
0.594015
0.618790
0.587569
0.589437
0.591502
0.604887
0.594508
0.595992
0.597479
0.639088
0.608683
0.605206
0.603737
0.610708
0.614193
0.622867
0.662907
0.639521
0.622350
0.625071
0.652631
0.627676
0.665431
0.652190
0.634628
0.634972
0.637870
0.639245
0.642013
0.645685
0.655235
0.657599
0.647990
0.652245
0.656330
0.656373
0.659077
0.663380
0.669221
0.678233
0.700317
0.683569
0.675249
0.678179
0.679835
0.682040
0.683312
0.741438
0.688794
0.690984
0.726351
0.696719
0.716201
0.698767
0.705284
0.706170
0.707199
0.706665
0.715916
0.715682
0.717802
0.717871
0.755531
0.723267
0.724188
0.728656
0.732955
0.733988
0.738370
0.760447
0.740446
0.781081
0.741588
0.745678
0.745677
0.747171
0.747464
0.787246
0.758643
0.802491
0.769162
0.760274
0.793814
0.794095
0.763283
0.764978
0.800751
0.771533
0.770481
0.783397
0.794259
0.819956
0.811941
0.783335
0.783496
0.849181
0.794988
0.798508
0.799534
0.795095
0.795659
0.797128
0.801916
0.804035
0.813210
0.841173
0.807803
0.812101
0.814900
0.848292
0.844101
0.824042
0.825357
0.829006
0.830734
0.892276
0.833124
0.838197
0.838897
0.914062
0.845097
0.849598
0.848874
0.864490
0.913190
0.852592
0.854868
0.876287
0.870095
0.877290
0.887663
0.917039
0.868431
0.875065
0.875505
0.889135
0.896566
0.882078
0.912126
0.913126
0.886884
0.918590
0.891521
0.892652
0.950588
0.893722
0.902287
0.910776
0.904064
0.917725
0.923775
0.908966
0.910583
0.964812
0.931454
0.933439
0.940757
0.999327
0.940937
0.924896
0.957848
0.934772
0.931199
Incremental
0.004321
0.006571
0.008721
0.010320
0.012133
0.013970
0.015471
0.017436
0.019226
0.020227
0.022042
0.022431
0.023625
0.036186
0.026075
0.038967
0.035185
0.029342
0.035720
0.041848
0.035498
0.036294
0.036743
0.043589
0.042485
0.048434
0.043331
0.046029
0.048272
0.048852
0.069470
0.052089
0.053436
0.054255
0.054489
0.059354
0.081397
0.064453
0.096282
0.066393
0.086880
0.066991
0.069725
0.074456
0.093071
0.074940
0.074278
0.076443
0.081120
0.076639
0.077413
0.112323
0.084700
0.084298
0.085275
0.089226
0.088155
0.090764
0.093126
0.118502
0.093539
0.096251
0.096832
0.099009
0.121328
0.101663
0.103722
0.105861
0.135762
0.130497
0.109561
0.111609
0.139900
0.115914
0.146287
0.144758
0.155787
0.117772
0.121054
0.123444
0.145440
0.126463
0.129055
0.135729
0.128936
0.130869
0.134295
0.163816
0.136048
0.155082
0.139183
0.182564
0.142924
0.180703
0.147845
0.156104
0.184619
0.193681
0.154264
0.155414
0.156554
0.166078
0.159689
0.160415
0.202058
0.207016
0.164860
0.164743
0.169530
0.169416
0.174170
0.176324
0.175811
0.177334
0.177748
0.220513
0.187598
0.184025
0.184647
0.185699
0.186922
0.189086
0.192928
0.192903
0.194360
0.206728
0.212528
0.199439
0.200494
0.200018
0.208308
0.202099
0.206011
0.207503
0.231216
0.207207
0.209637
0.212025
0.217424
0.216218
0.216285
0.228346
0.228249
0.225710
0.223840
0.233965
0.227745
0.229319
0.232712
0.245530
0.236044
0.236233
0.237341
0.237805
0.268641
0.240679
0.241086
0.252237
0.247446
0.249516
0.246571
0.264715
0.248157
0.252439
0.256965
0.257791
0.259233
0.259120
0.265341
0.261950
0.265767
0.274618
0.267815
0.268600
0.269990
0.271296
0.272708
0.277230
0.278884
0.278757
0.282647
0.279619
0.280733
0.282025
0.287863
0.287196
0.288488
0.287926
0.293102
0.290723
0.297522
0.293297
0.298182
0.323634
0.304476
0.314489
0.307027
0.306447
0.317762
0.347069
0.320598
0.323459
0.329624
0.341207
0.328069
0.326178
0.330663
0.335781
0.338740
0.367258
0.363686
0.341439
0.344252
0.351911
0.345589
0.352331
0.348926
0.353700
0.364063
0.362989
0.375652
0.357084
0.361512
0.364109
0.365667
0.367436
0.380914
0.374241
0.372721
0.390037
0.378688
0.390396
0.385481
0.388483
0.397501
0.392029
0.399509
0.402240
0.394269
0.402769
0.396160
0.401047
0.404581
0.401034
0.405056
0.408140
0.412525
0.412598
0.448716
0.415435
0.420716
0.419212
0.421093
0.420043
0.425988
0.422694
0.430764
0.431348
0.435322
0.435305
0.432197
0.458580
0.441781
0.443856
0.449785
0.448103
0.490883
0.455036
0.460026
0.456828
0.467267
0.463041
0.461794
0.461473
0.505635
0.478044
0.471568
0.469133
0.472224
0.473047
0.490822
0.478721
0.510012
0.523458
0.485971
0.494718
0.489344
0.488857
0.490692
0.491515
0.508666
0.498336
0.499231
0.531826
0.504100
0.508356
0.525925
0.509293
0.512180
0.513494
0.516409
0.517277
0.518550
0.543839
0.557683
0.531077
0.528411
0.526915
0.535420
0.566345
0.534216
0.539516
0.535882
0.539035
0.542561
0.543129
0.544855
0.549841
0.569055
0.554606
0.555467
0.555766
0.566195
0.564751
0.565420
0.574169
0.570480
0.573719
0.574904
0.614599
0.578309
0.588205
0.580746
0.583783
0.588690
0.588703
0.588738
0.589862
0.684516
0.594332
0.602201
0.600229
0.601889
0.653242
0.605255
0.605424
0.609830
0.611300
0.624577
0.619712
0.620813
0.618990
0.627344
0.625113
0.645440
0.656485
0.631962
0.640504
0.638491
0.670540
0.638868
0.659380
0.653693
0.681416
0.645571
0.648796
0.666453
0.649428
0.658797
0.662612
0.670922
0.661309
0.665016
0.673360
0.670033
0.676779
0.677823
0.678262
0.681481
0.685474
0.703655
0.694154
0.712278
0.707908
0.695376
0.694534
0.697431
0.701147
0.704446
0.742558
0.709668
0.726060
0.712549
0.714460
0.717506
0.719508
0.742679
0.723846
0.752717
0.728549
0.728097
0.730598
0.736853
0.739888
0.741595
0.755725
0.745684
0.750098
0.751398
0.766516
0.763320
0.798583
0.766156
0.761500
0.758551
0.759086
0.790046
0.762526
0.765478
0.768479
0.766332
0.770547
0.768397
0.814480
0.784970
0.794392
0.799399
0.782055
0.799103
0.786569
0.786796
0.796079
0.803233
0.799048
0.795520
0.800530
0.797310
0.805950
0.817869
0.853914
0.811019
0.816874
0.815271
0.816908
0.826948
0.838285
0.831759
0.828612
0.830880
0.852495
0.846344
0.837479
0.838116
0.842858
0.841389
0.854870
0.848769
0.851130
0.855174
0.868051
0.857080
0.857688
0.864263
0.891238
0.867454
0.869658
0.871574
0.877990
0.876492
0.875542
0.897320
0.877880
0.884645
0.887641
0.897057
0.889208
0.880891
0.899260
0.897988
0.893950
0.909057
0.897338
0.899985
0.944535
0.909210
0.908855
0.927059
0.917261
0.914133
0.919064
0.946105
0.948031
1.024256
0.929123
0.943782
0.929501
0.937806
0.934781
0.936475
